0.000000000000000000e+00 0.000000000000000000e+00 4.000000000000000000e+00
7.000000000000000000e+00 6.000000000000000000e+00 2.800000000000000000e+01
2.200000000000000000e+01 1.500000000000000000e+01 5.900000000000000000e+01
4.100000000000000000e+01 1.700000000000000000e+01 9.000000000000000000e+01
6.400000000000000000e+01 1.500000000000000000e+01 1.160000000000000000e+02
8.600000000000000000e+01 2.000000000000000000e+01 1.250000000000000000e+02
1.070000000000000000e+02 2.900000000000000000e+01 1.290000000000000000e+02
1.280000000000000000e+02 3.700000000000000000e+01 1.300000000000000000e+02
1.480000000000000000e+02 4.400000000000000000e+01 1.280000000000000000e+02
1.710000000000000000e+02 5.100000000000000000e+01 1.240000000000000000e+02
1.920000000000000000e+02 5.800000000000000000e+01 1.180000000000000000e+02
2.140000000000000000e+02 6.900000000000000000e+01 1.080000000000000000e+02
2.320000000000000000e+02 8.300000000000000000e+01 9.800000000000000000e+01
2.440000000000000000e+02 1.030000000000000000e+02 9.200000000000000000e+01
2.500000000000000000e+02 1.290000000000000000e+02 9.500000000000000000e+01
2.530000000000000000e+02 1.540000000000000000e+02 1.060000000000000000e+02
2.540000000000000000e+02 1.800000000000000000e+02 1.230000000000000000e+02
2.540000000000000000e+02 2.040000000000000000e+02 1.430000000000000000e+02
2.530000000000000000e+02 2.290000000000000000e+02 1.670000000000000000e+02
2.520000000000000000e+02 2.530000000000000000e+02 1.910000000000000000e+02
